00000
000000
0000000
00000000
000000000
0000000000
0000001
0000007
000000c
000001
000001b
000002
000003
000005
000006
000007
000008
000009
00001
000011
00001111
000012
000013
000017
000018
000024
00005
000069
00007
0000is
0000rubia
0000rubioa
000111
000123
000222
000333
000373k
000420
000555
000666
000772ln
000777
000786
000888
000921
000999
000grizz
001001
001002
001002003
001100
001122
00112233
00123
001234
00123456
001433m
001979
001980
001981
001982
001983
001984
001985
001986
001987
001988
001989
001990
001991
001992
001994
002002
002100
002200
002233
0024bk
002526
00336alt
003woods
004izcool
006785j
006mkil
007006b
007007
007007007
007008
00711711
007700
007bond
007ltkbond
008008
008733
009009
0090504x
009900
009988
00bb4life
00hello
00kikor00
00ljh1
00synovus
00usmc
010010
010012
010028nick
010100
010101
01010101
010102
010103
010104
010105
010106
010107
010108
010109
01011985
01011986
01011987
01011988
01011989
01011991
01012006
01012008
010178
010179
010180
010181
010182
010183
010184
010185
010186
010187
010188
010189
010190
010191
010192
010193
010194
010195
010196
010203
01020304
0102030405
010204
010205
010206
010207
010208
010209
01021987
01021990
010280
010282
010283
010284
010285
010286
010287
010288
010289
010290
010291
010292
010293
010294
010295
010304
010305
010306
010307
010308
010309
01031992
010383
010384
010385
010386
010387
010388
010389
010390
010391
010392
010393
010394
010395
010396
010403
010405
010406
010407
010408
010482
010483
010484
010485
010486
010487
010488
010489
010490
010491
010492
010493
010494
010495
010496
010504
010505
010506
010507
010508
010509
01051986
01051989
010584
010585
010586
010587
010588
010589
010590
010591
010592
010593
010594
010595
010596
010601
010605
010606
010607
010608
010609
010682
010683
010684
010685
010686
010687
010688
010689
010690
010691
010692
010693
010694
010695
010696
010705
010706
010707
010708
01071989
010782
010783
010784
010785
010786
010787
010788
010789
010790
010791
010792
010792j
010793
010794
010795
010804
010805
010806
010807
010808
010809
01081988
01081989
01081990
010881
010883
010884
010885
010886
010887
010888
010889
010890
010891
010892
010893
010894
010895
010896
010903
010904
010905
010906
010907
01091989
01091992
010982
010983
010984
010985
010986
010987
010988
010989
010990
010991
010992
010993
010994
010995
011004
011005
011006
011007
01101989
011080
011081
011083
011084
011085
011086
011087
011088
011089
011090
011091
011092
011093
011094
011095
011105
011106
011107
011108
011183
011184
011185
011186
011187
011188
011189
011190
011191
011192
011193
011194
011205
011206
011207
011208
011279
011281
011282
011283
011284
011285
011286
011287
011288
011289
011290
011291
011292
011293
011294
011296
011386
011387
011388
011389
011390
011406
011407
011408
011483
011485
011486
011488
011489
011490
011492
011506
011507
011587
011588
011589
011590
011591
01159114sn
011592
011607
01161989
011688
011689
011690
011691
011693
011706
011788
011789
011790
011791
011792
011793
011806
011807
011887
011888
011889
011890
011892
01191994b
011978
011982
011984
011985
011986
011987
011988
011989
011990
011991
011992
011993
011994
012005
012006
012007
012012
012086
012088
012089
012090
012091
012092
012093
012105
012106
012107
012185
012186
012187
012188
012189
012190
012191
012192
012193
0121frog
0121hak
012205
012206
012207
012277
012285
012286
012287
012288
012289
012290
012291
012292
012293
01230123
012306
012307
0123123
01233210
01234
012345
0123456
01234567
012345678
0123456789
01234mp
01234rr
0123654
0123654789
012369
01238200
012386
012387
012388
012389
012390
012391
012392
0123frank
012405
012406
012407
012484
012485
012486
012487
012488
012489
012490
012491
012492
012493
012506
012582
012584
012586
012587
012588
012589
012590
012591
012592
012593
012595
012606
012607
012627a
012685
012686
012687
012688
012689
012690
012691
012706
012707
012786
012787
012788
012789
012790
012792
012792ran
012805
012806
012807
012808
012883
012885
012887
012888
012890
012891
012892
012893
012905
012907
012987
012988
012989
012990
012992
012993
012d31408
013088
013089
013090
013181
013184
013186
013187
013188
013189
013190
013191
013579
0138ddx
0139763394
014344
01470147
01470258
0147258
0147258369
0147852
01478520
0147852369
014789
01478963
0147896325
016749679s
019210
019283
0192837465
01942west
01babysaya
01coventry
01eminem
01jece
01love
01miamor
01waue2d
01windstar
020102
020103
020104
020105
020106
020107
020108
020183
020184
020185
020186
020187
020188
020189
020190
020191
020192
020193
020194
020195
020202
02020202
020203
020204
020205
020206
020207
020208
02021992
02022818
020278
020281
020282
020283
020284
020285
020286
020287
020288
020289
020290
020291
020292
020293
020294
020295
020296
0202matt
0202miamor
020301
020304
020305
020306
020307
020308
02031989
02031993
020382
020383
020384
020385
020386
020387
020388
020389
020390
020391
020392
020393
020394
020395
020404
020405
020406
020407
020408
02041986
02041990
02041991
020480
020481
020482
020483
020484
020485
020486
020487
020488
020489
020490
020490b
020491
020492
020493
020494
020495
020496
020502
020503
020505
020506
020507
020508
020579
020581
020582
020583
020584
020585
020586
020587
020587a
020588
020589
020590
020591
020592
020593
020594
020595
020596
020602
020604
020605
020606
020607
020608
020680
020683
020684
020685
020686
020687
020688
020689
020690
020691
020692
020693
020694
020695
020696
0206sean
020703
020704
020705
020706
020707
020708
02071989
02071991
020783
020784
020785
020786
020787
020788
020789
020790
020791
020792
020793
020794
020795
020798st
020803
020804
020805
020806
020807
020808
02081990
020883
020884
020885
020886
020887
020888
020889
020890
020891
020892
020893
020894
020895
020896
020904
020905
020906
020907
02091988
02091991
020981
020982
020983
020984
020985
020986
020987
020988
020989
020990
020991
020992
020993
020994
020995
021004
021006
021007
021021
021049o
021080
021081
021082
021083
021084
021085
021086
021087
021088
021089
021090
021091
021092
021093
021094
021095
021097
021102
021104
021105
021106
021107
021180
021181
021182
021183
021184
021185
021186
021187
021188
021189
021190
021190nmh
021191
021192
021193
021194
021195
021202
021203
021204
021205
021206
021207
021280
021281
021282
021283
021284
021285
021286
021287
021288
021289
021290
021291
021292
021293
021294
021306
021387
021388
021389
021390
021391
021392
021400
021401
021402
021403
021404
021405
021406
021407
021408
021483
021484
021485
021486
021487
021488
021489
021490
021491
021492
021496
021503
021505
021506
021507
021585
021587
021588
021589
021590
021591
021593
021602
021606
021607
021684
021685
021686
021687
021688
021689
021690
021691
021692
021707
021787
021788
021789
021790
021805
021806
021807
021886
021888
021889
021890
021890ajs
021892
021893
021906
021907
021975
021979
021980
021981
021982
021983
021984
021985
021986
021987
021988
021989
021990
021991
021992
021993
021994
021995
021995ely
022006
022007
022084
022086
022087
022088
022089
022090
022091
022092
022092a
022104
022107
022185
022186
022189
022190
022283
022287
022288
022290
022291
022292
022307
022367
022385
022387
022388
022389
022390
022393
022405
022406
022407
022486
022487
022488
022489
022490
022491
022492
022505
022506
022507
022586
022587
022588
022589
022590
022591
022605
022685
022686
022688
022689
022690
022691
022786
022787
022788
022789
022790
022791
022792
022805
022882ts
022885
022886
022888
022889
022890
022891
0230121kcm
023186
023536333
024011
02468
024680
0246810
02494150
0258963
026958h
027702
0282724d
02accord
02angels
02busted
02fuck
02truck
030103
030105
030106
030107
030182
030184
030185
030186
030187
030188
030189
030190
030191
030192
030193
030194
030195
030201
030204
030205
030206
030207
030208
03021995
03021995m
030284
030285
030286
030287
030288
030289
030290
030291
030292
030293
030294
030295
030303
03030303
030304
030305
030306
030307
030308
03031989
03031991
030380
030382
030383
030384
030385
030386
030387
030388
030389
030390
030391
030392
030393
030394
030395
030405
030406
030407
030408
030481
030484
030485
030486
030487
030488
030489
030490
030491
030492
030493
030494
030495
030503
030505
030506
030507
030508
030582
030583
030584
030585
030586
030587
030588
030589
030590
030591
030592
030593
030594
030595
030604
030605
030606
030607
030608
030609
03061990
030680
030683
030684
030685
030686
030687
030688
030689
030690
030691
030692
030693
030694
030695
030706
030707
030780
030781
030782
030783
030784
030785
030786
030787
030788
030789
030790
030791
030792
030793
030794
030795
030803
030805
030806
030807
030808
030809
030881
030883
030884
030885
030886
030886me
030887
030888
030889
030890
030891
030892
030893
030894
030903
030904
030905
030906
030907
030981
030982
030983
030984
030985
030986
030987
030988
030988aa
030989
030990
030991
030992
030993
030994
030995
031005
031006
031007
03101987
031081
031082
031083
031084
031085
031086
031087
031088
031089
031090
031091
031092
031093
031094
031095
031103
031104
031105
031106
031107
031181
031182
031183
031184
031185
031186
031187
031188
031189
031190
031191
031192
031193
031194
031195
031203
031204
031205
031206
031207
031208
03121990
031277
031280
031282
031283
031284
031285
031286
031287
031288
031289
031290
031291
031292
031293
031294
031296
031385
031386
031388
031389
031390
031391
031403
031405
031406
031486
031487
031488
031489
031490
031491
031492
031506
031587
031588
031589
031590
031591
031605
031607
031685
031686
031687
031688
031689
031690
031705
031785
031786
031788
031789
031789b
031790
031791
031792
031806
031883l
031886
031889
031890
031892
031895pps
031905
031980
031981
031982
031983
031984
031985
031986
031987
031988
031989
031990
031991
031992
031993
031994
031995
032004
032006
032007
032086
032087
032088
032089
032090
032091
032105
032106
032107
032183
032186
032187
032188
032189
032190
032192
032203
032206
032286
032287
032288
032289
032290
032291
03230307iz
032306
032383
032384
032386
032387
032388
032389
032390
032391
032392
032393
0323bele
032406
032407
032453kp
0324869
032488
032489
032490
032505
032506
032507
032585
032586
032588
032589
032590
032592
032592k
032606
032685
032686
032687
032688
032689
032690
032691
032692
032693
032706
032784
032787
032788
032789
032790
032791
032805
032806
032807
032887
032889
032890
032891
032906
032984
032986
032988
032989
032990
033089
033090
033187
033190
033191
033192
03820d
0385985
03alsando
03kids
03meg06meg
03twelve86
040104
040105
040106
040107
040108
040183
040184
040185
040186
040187
040188
040189
040190
040191
040192
040193
040194
040196
040204
040205
040206
040207
040208
040284
040285
040286
040287
040288
040289
040290
040291
040292
040293
040294
040304
040305
040306
040307
040385
040386
040387
040388
040389
040390
040391
040392
040393
040394
040399c
040404
04040404
040405
040406
040407
040408
040409
04041988
040469
040480
040481
040482
040483
040484
040485
040486
040487
040488
040489
040490
040491
040492
040493
040494
040495
040496
0404mk
040503
040505
040506
040507
040508
040581
040582
040583
040584
040585
040586
040587
040588
040589
040590
040591
040592
040593
040594
040595
0405amy
040605
040606
040607
040608
040682
040683
040684
040685
040686
040687
040688
040689
040690
040691
040692
040693
040694
040706
040707
040708
040782
040783
040784
040785
040786
040787
040788
040789
040790
040791
040792
040793
040794
040795
040804
040805
040806
040807
040808
040809
040880
040882
040883
040884
040885
040886
040887
040888
040889
040890
040891
040892
040893
040894
040895
040896
040904
040905
040906
040907
04091986
04091990
040981
040983
040984
040985
040986
040987
040988
040989
040990
040991
040992
040993
040994
040995
0409kya
041004
041005
041006
041007
04101990
041084
041085
041086
041087
041087tink
041088
041089
041090
041090aq
041091
041092
041093
041094
041095
041103
041104
041105
041106
041107
041180
041181
041182
041183
041184
041185
041186
041187
041188
041189
041190
041191
041192
041193
041194
041195
041203
041204
041205
041206
041207
041280
041281
041282
041283
041284
041285
041286
041287
041288
041289
041290
041291
041292
041293
041294
041295
041307
041383
041386
041387
041389
041390
041391
041393
04140212
041405
041406
041407
041487
041488
041489
041490
0414april
041507
041585
041586
041587
041588
041589
041590
041591
041606
041688
041689
041690
041706
041713aroa
041786
041788
041789
041790
041791
041806
041807
041889
041890
041892
041906
041978
041980
041981
041982
041983
041984
041985
041986
041987
041988
041989
041990
041991
041992
041993
041994
041996
041pal
042004
042005
042006
042007
042008
042087
042088
042089
042090
042091
042106
042107
042186
042188
042189
042190
042191
042192
042206
042285
042286
042287
042288
042289
042290
042291
042292
042304
042305
042306
042307
042312jk
042385
042386
042387
042388
042389
042390
042391
042392
042404
042406
042407
042484
042487
042488
042489
042490
042491
04256310m
042586
042587
042588
042589
042590
042591
042592
042606
042688
042689
042690
042691
042693
042701
042788
042790
042791
042806
042806tl
042807
042889
042890
042891
042892
042906
042987
042988
042989
042990
042991
042992
04301986
043088
043091
043094jdp
044008r
0482bicho
04839asm
04jb22
04megand
050104
050105
050106
050107
050108
050183
050184
050185
050186
050187
050188
050189
050190
050191
050192
050193
050194
050195
050196
0501bfmt
0501cs
050205
050206
050207
050283
050284
050285
050286
050287
050288
050289
050290
050291
050292
050293
050294
050305
050306
050307
050308
05031987
050382
050383
050384
050385
050386
050387
050388
050389
050390
050391
050392
050393
050395
050403
050404
050405
050406
050407
050408
05041990
050482
050483
050485
050486
050487
050488
050489
050490
050491
050492
050493
050494
050501
050504
050505
050506
050507
050508
05051989
050580
050581
050582
050583
050584
050585
050586
050587
050588
050589
050589s
050590
050591
050592
050593
050594
050595
050600
050604
050605
050606
050607
050608
050682
050683
050684
050685
050686
050687
050688
050689
050690
050691
050692
050693
050694
050695
050695mmo
050695mo
050705
050706
050707
05071984
050781
050782
050783
050784
050785
050786
050787
050788
050789
050790
050791
050792
050793
050796
050804
050805
050806
050807
050808
05081991
050882
050884
050885
050886
050887
050888
050889
050890
050891
050892
050893
050894
050895
050901axl
050903
050905
050906
050907
050979
050983
050984
050985
050986
050987
050988
050989
050990
050991
050992
050993
050994
050995
051005
051006
051007
051008
05101988
051081
051082
051083
051084
051085
051086
051087
051088
051089
051090
051091
051092
051093
051094
051095
051096
051104
051105
051106
051107
051126a
051180
051181
051182
051183
051184
051185
051186
051187
051188
051189
051190
051191
051192
051193
051194
0511jft
051201
051203
051204
051205
051206
051207
05121989
051280
051282
051283
051284
051285
051286
051287
051288
051289
051290
051291
051292
051293
051294
051295
051387
051388
051389
051390
051391
051405
051406
051407
051486
051487
051488
051489
051490
051491
051492
051505
051585
051587
051588
051589
051590
051592
051684
051688
051689
051690
051691
051705o
051788
051789
051790
051791
051805
051806
051807
051884
051889
051890
051906
051907
051978
051979
051980
051981
051982
051983
051984
051985
051986
051987
051988
051989
051990
051991
051992
051993
051994
051995
052005
052006
052007
052008
052087
052088
052089
052092
052102ol
052105
052106
052185
052186
052187
052188
052189
052190
052191
052192
052204
052205
052206
052214c
052285
052286
052287
052288
052289
052290
052291
052292
052293
052305
052385
052386
052387
052388
052389
052390
052391
052392
052403
052405
052485
052486
052488
052489
052502
052505
052506
052584
052585
052587
052588
052589
052590
052591
052606
052687
052688
052689
052690
052691
052692
052706
052786
052787
052788
052789me
052790
052791
052805
052806
052859a1
052859a2
052887
052890
052891
052904
052986
052988
052989
052990
052991
053086
053087
053088
053089
053090
053091
053187
053188
053189
053190
053191
05385182k
055lbi
0574614t
0597531
05katie12
05kosh09
060102
060105
060106
060107
060181
060183
060184
060185
060186
060187
060188
060189
060190
060191
060192
060193
060194
060195
060196
060204
060205
060206
060207
060208
060281
060284
060286
060287
060288
060289
060290
060291
060292
060293
060294
060304
060306
060307
060384
060385
060386
060387
060388
060389
060390
060391
060392
060393
060394
060395
060404
060405
060406
060407
06041990
060480
060481
060482
060483
060484
060485
060486
060487
060488
060489
060490
060491
060492
060493
060494
060495
060502
060504
060506
060507
06051988
060584
060585
060586
060587
060588
060589
060590
060591
060592
060593
060595
060603
060604
060605
060606
060607
060608
06061989
06061990
060680
060682
060683
060684
060685
060686
060687
060688
060689
060690
060691
060692
060693
060694
060695
060696
060703
060706
060707
060708
060756s
060781
060783
060784
060785
060786
060787
060788
060789
060790
060791
060792
060793
060794
060795
060802
060804
060805
060806
060807
060808
06081991
060882
060884
060885
060886
060887
060887s
060888
060889
060890
060891
060892
060893
060894
060901
060904
060905
060906
060907
06091996av
060981
060982
060983
060984
060985
060986
060987
060988
060989
060990
060991
060992
060993
060994
060995
061006
061007
061082
061083
061084
061085
061086
061087
061088
061089
061090
061091
061092
061093
061094
061095
061103
061104
061105
061106
061107
061180
061182
061183
061184
061185
061186
061187
061188
061189
061189d
061190
061191
061192
061193
061194
061195
061203
061204
061205
061206
061207
061280
061281
061282
061283
061284
061285
061286
061287
061288
061289
061290
061291
061292
061293
061294
061295
061387
061388
061389
061390
061391
061403
061405
061406
061488
061489
061490
061491
0615020opp
061506
06151981
061586
061587
061588
061589
061590
061591
061606
061607
061686
061688
061689
061690
061691
061706
061783
061785
061788
061789
061790
061791
061792mae
061793lmo
061805
061886
061890
061891
061892
061901r
061904
061906
061979
061980
061981
061982
061983
061984
061985
061986
061987
061988
061989
061990
061991
061992
061993
061994
061995
061996
062003
062004
062006
062007
062087
062088
062089
062090
062091
062103
062106
062185
062186
062187
062188
062189
062190
062191
062202
062206
062284
062285
062286
062287
062288
062289
062290
062291
062293
062301
062306
062307
062381
062384
062387
062388
062389
062390
062391
062393
062406
062485
062487
062488
062489
062490
062491
062492
062505
062587
062588
062589
062590
062591
062592
062604
062606
062686
062687
062688
062689
062690
062691
062693
062785
062787
062788
062789
062790
062791
062803
062804
062806
062886
062888
062889
062890
062987
062988
062989
062990
062991
063085
063087
063088
063089
063090
063091
063092
064700a
0661cg
066210980a
069mmm
06chevy
06christ
06devilsxx
06four
06yaneli
070105
070106
070107
070183
070185
070186
070187
070188
070189
070190
070191
070192
070193
070194
070205
070206
070207
070208
070284
070285
070286
070287
070288
070289
070290
070291
070292
070293
070293e
070294
070304
070305
070306
070307
070308
07031990
070383
070384
070385
070386
070387
070388
070389
070390
070391
070392
070393
070395
070401
070404
070405
070406
070407
070483
070484
070485
070486
070487
070488
070489
070490
070491
070492
070493
070494
070495
070503
070504
070505
070506
070507
070508
070582
070583
070584
070585
070586
070587
070588
070589
070590
070591
070592
070593
070594
070595
070605
070607
07061990
070683
070685
070686
070687
070688
070689
070690
070691
070692
070693
070694
0706gh
070703
070704
070705
070706
070707
07070707
070707d
070708
07071989
07071990
07072007
070780
070781
070782
070783
070784
070785
070786
070787
070788
070789
070790
070791
070792
070793
070794
070795
070803
070804
070805
070806
070807
070809
07081992
070883
070884
070885
070886
070887
070888
070889
070890
070891
070892
070893
070894
070896
070903
070904
070905
070906
070907
070980
070982
070984
070985
070986
070987
070988
070989
070990
070991
070992
070993
071004
071006
071007
071082
071083
071084
071085
071086
071087
071088
071089
071090
071091
071092
071093
071094
071104
071105
071106
071107
071180
071181
071182
071183
071184
071185
071186
071187
071188
071189
071190
071191
071192
071193
071193me
071194
071195
0711pp
071203
071204
071205
071206
071207
071283
071284
071285
071286
071287
071288
071289
071290
071291
071292
071293
071294
071295
071387
071388
071389
071390
071406
071407
071484
071487
071488
071489
071490
071491
071506
071587
071588
071589
071590
071591
071604
071605
071687
071688
071690
0716sr
071706
071727
071787
071788
071789
071790
071791
071806
071889
071890
071906
071980
071981
071982
071983
071984
071985
071986
071987
071988
071989
071990
071991
071992
071993
071994
072007
0720327605
072088
072090
0720ht
072106
072107
072160
072187
072188
072189
072190
0721feb
072205
072206
072285
072286
072287
072288
072289
072290
072292
072305
072306
072307
07231985
072386
072387
072389
072392
072486
072487
072490
072491
072585
072586
072587
072588
072589
072590
072591
072666f
072686
072688
072689
072690
072707
072786
072787
072789
072790
072791
072806
072807
072886
072889
072890
072892
072906
072986
072988
072989
072990
072992
07304w
073087
073088
073091
073094b
073187
073189
073190
073191
0741526kh
0773199513
07858615at
07bridgit
07dimes
07globetro
07grd
07track
08006
080103
080104
080105
080106
080107
080108
080184
080185
080186
080187
080188
080189
080190
080191
080192
080193
080194
080203
080205
080206
080207
080208
080280
080283
080285
080286
080287
080288
080289
080290
080291
080292
080293
080294
080304
080305
080306
080307
080308
080384
080385
080386
080387
080388
080389
080390
080391
080392
080393
080394
080395
080396
080404
080405
080406
080407
080408
080483
080484
080484cj
080485
080486
080487
080488
080489
080490
080491
080492
080493
080494
080495
080503
080504
080505
080506
080507
080508
080583
080584
080585
080586
080587
080588
080589
080590
080591
080592
080593
080594
080595
080603
080604
080605
080606
080607
080608
08061989
080681
080683
080684
080685
080686
080687
080688
080689
080690
080691
080692
080693
080694
080704
080705
080706
080783
080785
080786
080787
080788
080789
080790
080791
080792
080793
080794
080802
080803
080804
080805
080806
080807
080808
08080808
0808168k
080879
080880
080881
080882
080883
080884
080885
080886
080887
080888
080889
080890
080891
080892
080893
080894
080895
080896
0808mnqute
080901
080902
080903
080905
080906
080907
080908
08091989
080979
080981
080982
080983
080984
080985
080986
080987
080988
080989
080990
080991
080992
080993
080994
081005
081006
081008
081081
081082
081083
081084
081085
081086
081087
081088
081089
081090
081091
081092
081093
081094
081095
081101
081104
081105
081106
081107
08111992r
081180
081182
081183
081184
081185
081186
081187
081188
081189
081190
081191
081192
081193
081194
081195
081204
081205
081206
081207
08121988
08121989
0812568jd
081280
081281
081282
081283
081284
081285
081286
081287
081288
081289
081290
081291
081292
081293
081294
081295
0812david
081305
081306
081388
081389
081391
081394c
081404
081405
081406
081487
081488
081489
081490
081494ib
081586
081587
081588
081589
081590
081591
081592
0815diane
081606
081689
081690
081706
08170817
081784
081787
081788
081789
081790
081791
081805
081806
081807
081828
081887
081888
081889
081890
081892
081905
081906
081977
081981
081982
081983
081984
081985
081986
081987
081988
081989
081990
081991
081992
081993
081994
081995
082005
082006
082007
082087
082089d
082090
082091
082104
082105
082106
082184
082185
082186
082187
082188
082189
082190
082191
082205
082206
082285
082287
082288
082289
082290
082302em
082303
082306
082387
082388
082389
082390
082391
082392
082393
082407
082485
082487
082488
082489
082492
082506
082584
082586
082588
082589
082590
082591
082592
082593
082605
082606
082682
082687
082688
082689
082690
082691
082705
082706
082787
082788
082789
082790
082791
082792
082804
082805j
082806
082808
082887
082888
082889
082890
082891
082892
082986
082987p
082988
082989
082990
082991
083087
083089
083090
083091
083188
083189
083190
083191love
083192
083193
0833288
0836807
085063revo
087200els
08854w
08872bmm
08brit
08meg82
090101
090104
090105
090106
090107
090178d
090182
090183
090184
090185
090186
090187
090188
090189
090190
090191
090192
090205
090206
090207
090208
090280
090283
090284
090285
090286
090287
090288
090289
090290
090291
090292
090293
090294
090295
090304
090305
090306
090307
090381
090383
090384
090385
090386
090387
090388
090389
090390
090391
090392
090393
090404
090405
090406
090407
090483
090484
090485
090486
090487
090488
090489
090490
090491
090492
090493
090494
090503
090504
090505
090506
090507
090508
090580
090582
090583
090584
090585
090586
090587
090588
090589
090590
090591
090592
090593
090595
090603
090604
090606
090607
090608
090682
090683
090684
090685
090686
090687
090688
090689
090690
090691
090692
090693
090694
090695
090703
090705
090706
090707
090781
090782
090783
090784
090785
090786
090787
090788
090789
090790
090791
090792
090793
090801
090803
090804
090805
090806
090807
090807a
09082912
090883
090884
090885
090886
090887
090888
090889
090890
090891
090892
090893
090894
090895
090900
090903
090904
090905
090906
090907
090908
090909
09090909
09091988
09091989
090978
090979
090980
090981
090982
090983
090984
090985
090986
090987
090988
090989
090990
090991
090992
090993
090994
090995
091004
091005
091006
091007
091081
091082
091083
091084
091085
091086
091087
091088
091089
091090
091091
091092
091093
091094
091095
091101
091104
091106
091107
091156a
091177
091180
091181
091182
091183
091184
091185
091186
091187
091188
091189
091190
091191
091192
091193
091194
091203
091204
091205
091206
091207
09121988
091281
091282
091283
091284
091285
091286
091287
091288
091289
091290
091291
091292
091293
091294
091295
091296
091303
091305
091384
091386
091387
091388
091389
091390
091391
091406
091407
09141988g
091487
091488
091489
091490
091506
091582
091583
091585
091586
091588
091589
091590
091592
091605
091606
091685
091686
091687
091688
091690
091691
0916g
091705
091706
091782
091784
091785
091787
091788
091789
091790
091791
091792
091803
091804
091805
091806
091884
091886
091887
091888
091889
091890
091891
091892
091906
091977
091979
091980
091981
091982
091983
091984
091985
091986
091987
091988
091989
091990
091991
091992
091993
091994
091995
092003
092005
092006
092084
092085
092086
092087
092088
092089
092090
092091
092104
092182
092184
092185
092186
092187
092188
092189
092190
092191
092204
092206
092284
092285
092286
092287
092288
092289
092290
092291
092300
092304
092305
092306
092382
092384
092386
092387
092388
092389
092390
092391
092405
092484
092485
092486
092487
092488
092489
092490
092491
092492
092493
092504
092581
092585
092587
092588
092589
092590
092591
092592
092603
092684
092685
092686
092687
092688
092689
092690
092692
092786
092787
092788
092789
092790
092791
092792
092806
092882
092883
092886
092887
092888
092889
092890
092891
092892
092906
092970dp
092983
092984
092985
092986
092987
092988
092989
092990
093087
093088
093089
093090
093095